1111111111110010000000000010000000000001
0000000000000000000000001110001000000001
0000000000000000000000000000000000000001
0000000000001000000000001110100000000001
0000000000001010000000010010000000000001
0000000010010000000000001110001000000001
0000000000000000000000000000000000000001
0000000000001001000010000010000000000001
0000000000100000000000001110001000000001
0000000000101010000001100010000000000001
0000000000100010000001000010001000000001
0000000000011010000001010010001000000001
0000000000110000000000001110001000000001
0000000000000000000000000000000000000001
0000000001111000000000001111000000000001
0000000000111010000010010010000000000001
0000000000100010000001110010001000000001
0000000000011010000010000010001000000001
0000000001000000000000001110001000000001
0000000001111001000010000011000001001001
0000000000000000000000000000000000000001
0000000001111000000000001111000000100101
0000000001001010000011000010000000000001
0000000000100010000010100010001000000001
0000000000011010000010110010001000000001
0000000001010000000000001110001000000001
0000000001111001000010000011000001001001
0000000000000000000000000000000000000001
0000000001111000000000001111000000100101
0000000001101001000010000010000000001001
0000000001110000000000001110001000000001
0000000001011001000010000010000000000001
1111111111110010000000110010001001100111
0000000001100000000000001110001000000001
0000000001111001000010000010001001001001
0000000001111001000010000010000000000001
0000000001100000000000001110001000100111
1111111111110010000000100010000000000001
0000000001110000000000001110001000100111
0000000000000000000000000000000000000001
0000000001110001000010000010000000001001
1111111111111001000010000010001001000001
0000000001110000000000001110001000100110
0000000001100001000010000010000000000001
0000000000010000000000001110001000000001
0000000000000000000000000000000000000001
0000000000010001000010000010000000000001
0000000010000000000000001110001000000001
0000000010101010000011110010000000000001
0000000010011010000011110011010000000001
0000000010010010000011010010001000000001
0000000010001010000011100010001000000001
0000000000000000000000000000000000000001
0000000010100000000000001110001000000001
0000000010110000000000001111001000000001
0000000011001010000100100010000000000001
0000000010111010000100100011010000000001
0000000010100010000100000010001000000001
0000000010011010000100010010001000000001
0000000000000000000000000000000000000001
0000000011000000000000001110001000000001
0000000011010000000000001111001000000001
0000000011101010000101010010000000000001
0000000011011010000101010011010000000001
0000000011000010000100110010001000000001
0000000010111010000101000010001000000001
0000000000000000000000000000000000000001
0000000011100000000000001110001000000001
0000000011110000000000001111001000000001
0000000100001010000110000010000000000001
0000000011111010000110000011010000000001
0000000011100010000101100010001000000001
0000000011011010000101110010001000000001
0000000000000000000000000000000000000001
0000000100000000000000001110001000000001
0000000100010000000000001111001000000001
1111111111110010000110010010000000000001
0000000101001000000000001110001000000001
0000000010100001000010000010000000000001
0000000100100000000000001110001000000001
0000000011000001000010000010000000000001
0000000100101000000000001110001000000001
0000000011100001000010000010000000000001
0000000100110000000000001110001000000001
0000000100000001000010000010000000000001
0000000100111000000000001110001000000001
1111111111101001000010000010000000000001
0000000110100000000000001110001000000001
0000000101000001000010000010000000000001
0000000101001001000010000010001001001001
1111111111110001000010000010000000100110
0000000110100000000000001110001000000001
0000000101100001000010000010000000000001
1111111111110001000100110010001001001001
0000000101000001000010000010000000000001
0000000110000001000010000010000000100101
0000000110001000000000001110001000000001
0000000101110001000010000010000000000001
1111111111110001000100110010001001001001
0000000101000001000010000010000000000001
0000000110010001000010000010000000100101
0000000110011000000000001110001000000001
0000000110101001000010000010000000000001
0000000000000000000000000000000000000001
0000000110111000000000001111000000000001
0000000110111001000010000010000000000001
1111111111110001000100110010001001001001
0000000110100001000010000010000000000001
1111111111101001000010000010000000100101
0000000110100000000000001110001000000001
0000000101000001000010000010000000000001
0000000101001000000000001110001000100101
0000000101010001000010000010000000000001
0000000101100001000010000010001001000001
0000000110110000000000001110001000000001
0000000101100001000010000010000000000001
0000000110110001000101000010001000000001
0000000101101000000000001110001000000001
0000000110001000000000001100000000000001
0000000000000111111111111010000000000001
0000000101101000000000001100000000000001
0000000100100111111111110010000010000001
0000000100011000000000001110001000000001
1111111111110001000010000010000000000001
1111111111110111111111110010001001000001
0000000101111000000000001110001000000001
0000000110011000000000001100000000000001
0000000000000111111111111010000000000001
0000000101111000000000001100000000000001
0000000100100111111111110010000010000001
0000000100011001000010000010001000000001
0000000100011000000000001110001000000001
0000000101010001000010000010000000000001
0000000110100001000010000010001001000001
0000000000000000000000000000000000000001
0000000101011000000000001111000000000001
0000000000000000000000000000000000000001
0000000100011010000110100010000000000001
0000000010010010000110110010001000000001
0000000111000000000000001110001000000001
0000000111000010000111000010000000000001
0000000111001000000000001110001000000001
0000000000000000000000000000000000000001
0000000111001010000111010010000000000001
0000000111010000000000001110001000000001
0000000000000000000000000000000000000001
0000000111010010000111100010000000000001
0000000111011000000000001110001000000001
0000000000000000000000000000000000000001
0000000000000010000111110010000000000001
0000000111011010001000000010001000000001
0000000000000000000000000000000000000001
0000000111100000000000001110001000000001
0000000111100010001000100100000000000001
0000000111101000000000001110010000000001
0000000111101000000000001100000000000001
0000000111101111111111110010000000000001
0000000111110000000000001110001000000001
0000000111110000000000001100000000000001
0000000111101111111111110010000000000001
0000000111110000000000001110001000000001
0000000111110010001000110100010001000001
0000000111110000000000001110010000000001
0000000111101001000010000010000000000001
1111111111110001000010000010001001001001
0000000000000000000000000000000000000001
1111111111110010001001000100000000100101
0000000111101001000010000010000001000001
1111111111110001000010000010001001001001
0000000000000000000000000000000000000001
1111111111110010001001000100000001100101
0000000111110000000000001110010000000001
0000000111110010001000010010000000000001
0000001000000000000000001110001000000001
0000001000011010001001010010000000000001
0000001000001010001001010011010000000001
0000000111111001000010000010001001000001
0000001000000001000010000010001000000001
0000001000010000000000001110001000000001
0000000000000000000000000000000000000001
0000001000100000000000001111001000000001
0000001000010010001001100010000000000001
0000001000110000000000001110001000000001
0000000000000000000000000000000000000001
0000001000110010001001110010000000000001
0000000111000010001010000010001000000001
0000001000111000000000001110001000000001
1111111111110010001010010010000000000001
0000001001000001000010000010001001000001
0000001001100000000000001110001000000001
0000001001010001000010000010000000000001
0000001001000001000010000011010000000001
0000001001100010001010100010001000000001
0000001001001000000000001110001000000001
0000001001001000000000001100000000000001
0000001001011000000000001111001000000001
0000001000111111111111110010000000000001
0000001001111000000000001110001000000001
0000001010100010001011100010000000000001
0000001010011010001011110010001000000001
0000001010001010001011100011010000000001
0000001010000010001011110010001000000001
0000001001111010001010110010001000000001
0000001001110010001011000010001000000001
0000001001101010001011010010001000000001
0000000000000000000000000000000000000001
0000001010010000000000001110001000000001
0000001010101000000000001111001000000001
0000001011010010001100110010000000000001
0000001011001010001101000010001000000001
0000001010111010001100110011010000000001
0000001010110010001101000010001000000001
0000001010010010001100000010001000000001
0000001010001010001100010010001000000001
0000001010000010001100100010001000000001
0000000000000000000000000000000000000001
0000001011000000000000001110001000000001
0000001011011000000000001111001000000001
0000001011101010001110000010000000000001
0000001011100010001110010010001000000001
0000001011000010001101010010001000000001
0000001010111010001101100010001000000001
0000001010110010001101110010001000000001
0000001011110000000000001110001000000001
0000001100001010001111000010000000000001
0000001011111010001111000011010000000001
0000001011110010001110100010001000000001
0000001011101010001110110010001000000001
0000000000000000000000000000000000000001
0000001100000000000000001110001000000001
0000001100010000000000001111001000000001
0000001100101010001111110010000000000001
0000001100011010001111110011010000000001
0000001100000010001111010010001000000001
0000001011111010001111100010001000000001
0000000000000000000000000000000000000001
0000001100100000000000001110001000000001
0000001100110000000000001111001000000001
0000001101001010010000100010000000000001
0000001100111010010000100011010000000001
0000001100100010010000000010001000000001
0000001100011010010000010010001000000001
0000000000000000000000000000000000000001
0000001101000000000000001110001000000001
0000001101010000000000001111001000000001
0000001101101010010001010010000000000001
0000001101011010010001010011010000000001
0000001101000010010000110010001000000001
0000001100111010010001000010001000000001
0000000000000000000000000000000000000001
0000001101100000000000001110001000000001
0000001101110000000000001111001000000001
1111111111110010010001100010000000000001
0000001110101000000000001110001000000001
0000001100000001000010000010000000000001
0000001110000000000000001110001000000001
0000001100100001000010000010000000000001
0000001110001000000000001110001000000001
0000001101000001000010000010000000000001
0000001110010000000000001110001000000001
0000001101100001000010000010000000000001
0000001110011000000000001110001000000001
1111111111101001000010000010000000000001
0000010000000000000000001110001000000001
0000001110100001000010000010000000000001
0000001110101001000010000010001001001001
1111111111110001000010000010000000100110
0000010000000000000000001110001000000001
0000001111000001000010000010000000000001
1111111111110001000100110010001001001001
0000001110100001000010000010000000000001
0000001111100001000010000010000000100101
0000001111101000000000001110001000000001
0000001111010001000010000010000000000001
1111111111110001000100110010001001001001
0000001110100001000010000010000000000001
0000001111110001000010000010000000100101
0000001111111000000000001110001000000001
0000010000001001000010000010000000000001
0000000000000000000000000000000000000001
0000010000011000000000001111000000000001
0000010000011001000010000010000000000001
1111111111110001000100110010001001001001
0000010000000001000010000010000000000001
1111111111101001000010000010000000100101
0000010000000000000000001110001000000001
0000001110100001000010000010000000000001
0000001110101000000000001110001000100101
0000001110110001000010000010000000000001
0000001111000001000010000010001001000001
0000010000010000000000001110001000000001
0000001111000001000010000010000000000001
0000010000010001000101000010001000000001
0000001111001000000000001110001000000001
0000001111101000000000001100000000000001
0000000000000111111111111010000000000001
0000001111001000000000001100000000000001
0000001110000111111111110010000010000001
0000001101111000000000001110001000000001
1111111111110001000010000010000000000001
1111111111110111111111110010001001000001
0000001111011000000000001110001000000001
0000001111111000000000001100000000000001
0000000000000111111111111010000000000001
0000001111011000000000001100000000000001
0000001110000111111111110010000010000001
0000001101111001000010000010001000000001
0000001101111000000000001110001000000001
0000001110110001000010000010000000000001
0000010000000001000010000010001001000001
0000000000000000000000000000000000000001
0000001110111000000000001111000000000001
0000000000000000000000000000000000000001
0000001101111010010001110010000000000001
0000001001111010010010000010001000000001
0000010000100000000000001110001000000001
1111111111110010010010010010000000000001
0000010000110001000010000010001001000001
0000010001010000000000001110001000000001
0000010001000001000010000010000000000001
0000010000110001000010000011010000000001
0000010001010010010010100010001000000001
0000010000111000000000001110001000000001
0000010000111000000000001100000000000001
0000010001001000000000001111001000000001
0000010000100111111111110010000000000001
0000010000101000000000001110001000000001
0000010000101010010010110010000000000001
0000010001011000000000001110001000000001
0000000000000000000000000000000000000001
0000010001011001000010000010000000000001
1111111101110000000000000000001000000001
0000010001011001000010000010000000000001
0000010001110000000000001110001000000001
0000010001111010010100000010000000000001
0000010001110010010011100010001000000001
0000010001101010010011110010001000000001
0000010010000000000000001110001000000001
0000000000000000000000000000000000000001
0000010011001000000000001111000000000001
0000010010001010010100110010000000000001
0000010001110010010100010010001000000001
0000010001101010010100100010001000000001
0000010010010000000000001110001000000001
0000010011001001000010000011000001001001
0000000000000000000000000000000000000001
0000010011001000000000001111000000100101
0000010010011010010101100010000000000001
0000010001110010010101000010001000000001
0000010001101010010101010010001000000001
0000010010100000000000001110001000000001
0000010011001001000010000011000001001001
0000000000000000000000000000000000000001
0000010011001000000000001111000000100101
0000010010111001000010000010000000001001
0000010011000000000000001110001000000001
0000010010101001000010000010000000000001
1111111111110010010011010010001001100111
0000010010110000000000001110001000000001
0000010011001001000010000010001001001001
0000010011001001000010000010000000000001
0000010010110000000000001110001000100111
1111111111110010010011000010000000000001
0000010011000000000000001110001000100111
0000000000000000000000000000000000000001
0000010011000001000010000010000000001001
1111111111111001000010000010001001000001
0000010011000000000000001110001000100110
0000010010110001000010000010000000000001
0000010001100000000000001110001000000001
0000000000000000000000000000000000000001
0000010001100001000010000010000000000001
0000010011010000000000001110001000000001
0000000000000000000000000000000000000001
0000000000000000000000000000000000000001
0000000000000000000000000000000000000001
0000000000000000000000000000000000000001
0000000000000000000000000000000000000001
0000000000000000000000000000000000000001
0000000000000000000000000000000000000001
0000000000000000000000000000000000000001
0000000000000000000000000000000000000001
0000000000000000000000000000000000000001
0000000000000000000000000000000000000001
0000000000000000000000000000000000000001
0000000000000000000000000000000000000001
0000000000000000000000000000000000000001
0000000000000000000000000000000000000001
0000000000000000000000000000000000000001
0000000000000000000000000000000000000001
0000000000000000000000000000000000000001
0000000000000000000000000000000000000001
0000000000000000000000000000000000000001
0000000000000000000000000000000000000001
0000000000000000000000000000000000000001
0000000000000000000000000000000000000001
0000000000000000000000000000000000000001
0000000000000000000000000000000000000001
0000000000000000000000000000000000000001
0000000000000000000000000000000000000001
0000000000000000000000000000000000000001
0000000000000000000000000000000000000001
0000000000000000000000000000000000000001
0000000000000000000000000000000000000001
0000000000000000000000000000000000000001
0000000000000000000000000000000000000001
0000000000000000000000000000000000000001
0000000000000000000000000000000000000001
0000000000000000000000000000000000000001
0000000000000000000000000000000000000001
0000000000000000000000000000000000000001
0000000000000000000000000000000000000001
0000000000000000000000000000000000000001
0000000000000000000000000000000000000001
0000000000000000000000000000000000000001
0000000000000000000000000000000000000001
0000000000000000000000000000000000000001
0000000000000000000000000000000000000001
0000000000000000000000000000000000000001
0000000000000000000000000000000000000001
0000000000000000000000000000000000000001
0000000000000000000000000000000000000001
0000000000000000000000000000000000000001
0000000000000000000000000000000000000001
0000000000000000000000000000000000000001
0000000000000000000000000000000000000001
0000000000000000000000000000000000000001
0000000000000000000000000000000000000001
0000000000000000000000000000000000000001
0000000000000000000000000000000000000001
0000000000000000000000000000000000000001
0000000000000000000000000000000000000001
0000000000000000000000000000000000000001
0000000000000000000000000000000000000001
0000000000000000000000000000000000000001
0000000000000000000000000000000000000001
0000000000000000000000000000000000000001
0000000000000000000000000000000000000001
0000000000000000000000000000000000000001
0000000000000000000000000000000000000001
0000000000000000000000000000000000000001
0000000000000000000000000000000000000001
0000000000000000000000000000000000000001
0000000000000000000000000000000000000001
0000000000000000000000000000000000000001
0000000000000000000000000000000000000001
0000000000000000000000000000000000000001
0000000000000000000000000000000000000001
0000000000000000000000000000000000000001
0000000000000000000000000000000000000001
0000000000000000000000000000000000000001
0000000000000000000000000000000000000001
0000000000000000000000000000000000000001
0000000000000000000000000000000000000001
0000000000000000000000000000000000000001
0000000000000000000000000000000000000001
0000000000000000000000000000000000000001
0000000000000000000000000000000000000001
0000000000000000000000000000000000000001
0000000000000000000000000000000000000001
0000000000000000000000000000000000000001
0000000000000000000000000000000000000001
0000000000000000000000000000000000000001
0000000000000000000000000000000000000001
0000000000000000000000000000000000000001
0000000000000000000000000000000000000001
0000000000000000000000000000000000000001
0000000000000000000000000000000000000001
0000000000000000000000000000000000000001
0000000000000000000000000000000000000001
0000000000000000000000000000000000000001
0000000000000000000000000000000000000001
0000000000000000000000000000000000000001
0000000000000000000000000000000000000001
0000000000000000000000000000000000000001
0000000000000000000000000000000000000001
0000000000000000000000000000000000000001
0000000000000000000000000000000000000001
0000000000000000000000000000000000000001
0000000000000000000000000000000000000001
0000000000000000000000000000000000000001
0000000000000000000000000000000000000001
0000000000000000000000000000000000000001
0000000000000000000000000000000000000001
0000000000000000000000000000000000000001
0000000000000000000000000000000000000001
0000000000000000000000000000000000000001
0000000000000000000000000000000000000001
0000000000000000000000000000000000000001
0000000000000000000000000000000000000001
0000000000000000000000000000000000000001
0000000000000000000000000000000000000001
0000000000000000000000000000000000000001
0000000000000000000000000000000000000001
0000000000000000000000000000000000000001
0000000000000000000000000000000000000001
0000000000000000000000000000000000000001
0000000000000000000000000000000000000001
0000000000000000000000000000000000000001
0000000000000000000000000000000000000001
0000000000000000000000000000000000000001
0000000000000000000000000000000000000001
0000000000000000000000000000000000000001
0000000000000000000000000000000000000001
0000000000000000000000000000000000000001
0000000000000000000000000000000000000001
0000000000000000000000000000000000000001
0000000000000000000000000000000000000001
0000000000000000000000000000000000000001
0000000000000000000000000000000000000001
0000000000000000000000000000000000000001
0000000000000000000000000000000000000001
0000000000000000000000000000000000000001
0000000000000000000000000000000000000001
0000000000000000000000000000000000000001
0000000000000000000000000000000000000001
0000000000000000000000000000000000000001
0000000000000000000000000000000000000001
0000000000000000000000000000000000000001
0000000000000000000000000000000000000001
0000000000000000000000000000000000000001
0000000000000000000000000000000000000001
0000000000000000000000000000000000000001
0000000000000000000000000000000000000001
0000000000000000000000000000000000000001
0000000000000000000000000000000000000001
0000000000000000000000000000000000000001
0000000000000000000000000000000000000001
0000000000000000000000000000000000000001
0000000000000000000000000000000000000001
0000000000000000000000000000000000000001
0000000000000000000000000000000000000001
0000000000000000000000000000000000000001
0000000000000000000000000000000000000001
0000000000000000000000000000000000000001
0000000000000000000000000000000000000001
0000000000000000000000000000000000000001
0000000000000000000000000000000000000001
0000000000000000000000000000000000000001
0000000000000000000000000000000000000001
0000000000000000000000000000000000000001
0000000000000000000000000000000000000001
0000000000000000000000000000000000000001
0000000000000000000000000000000000000001
0000000000000000000000000000000000000001
0000000000000000000000000000000000000001
0000000000000000000000000000000000000001
0000000000000000000000000000000000000001
0000000000000000000000000000000000000001
0000000000000000000000000000000000000001
0000000000000000000000000000000000000001
0000000000000000000000000000000000000001
0000000000000000000000000000000000000001
0000000000000000000000000000000000000001
0000000000000000000000000000000000000001
0000000000000000000000000000000000000001
0000000000000000000000000000000000000001
0000000000000000000000000000000000000001
0000000000000000000000000000000000000001
0000000000000000000000000000000000000001
0000000000000000000000000000000000000001
0000000000000000000000000000000000000001
0000000000000000000000000000000000000001
0000000000000000000000000000000000000001
0000000000000000000000000000000000000001
0000000000000000000000000000000000000001
0000000000000000000000000000000000000001
0000000000000000000000000000000000000001
0000000000000000000000000000000000000001
0000000000000000000000000000000000000001
0000000000000000000000000000000000000001
0000000000000000000000000000000000000001
0000000000000000000000000000000000000001
0000000000000000000000000000000000000001
0000000000000000000000000000000000000001
0000000000000000000000000000000000000001
0000000000000000000000000000000000000001
0000000000000000000000000000000000000001
0000000000000000000000000000000000000001
0000000000000000000000000000000000000001
0000000000000000000000000000000000000001
0000000000000000000000000000000000000001
0000000000000000000000000000000000000001
0000000000000000000000000000000000000001
0000000000000000000000000000000000000001
0000000000000000000000000000000000000001
0000000000000000000000000000000000000001
0000000000000000000000000000000000000001
0000000000000000000000000000000000000001
0000000000000000000000000000000000000001
0000000000000000000000000000000000000001
0000000000000000000000000000000000000001
0000000000000000000000000000000000000001
0000000000000000000000000000000000000001
0000000000000000000000000000000000000001
0000000000000000000000000000000000000001
0000000000000000000000000000000000000001
0000000000000000000000000000000000000001
0000000000000000000000000000000000000001
0000000000000000000000000000000000000001
0000000000000000000000000000000000000001
0000000000000000000000000000000000000001
0000000000000000000000000000000000000001
0000000000000000000000000000000000000001
0000000000000000000000000000000000000001
0000000000000000000000000000000000000001
0000000000000000000000000000000000000001
0000000000000000000000000000000000000001
0000000000000000000000000000000000000001
0000000000000000000000000000000000000001
0000000000000000000000000000000000000001
0000000000000000000000000000000000000001
0000000000000000000000000000000000000001
0000000000000000000000000000000000000001
0000000000000000000000000000000000000001
0000000000000000000000000000000000000001
0000000000000000000000000000000000000001
0000000000000000000000000000000000000001
0000000000000000000000000000000000000001
0000000000000000000000000000000000000001
0000000000000000000000000000000000000001
0000000000000000000000000000000000000001
0000000000000000000000000000000000000001
0000000000000000000000000000000000000001
0000000000000000000000000000000000000001
0000000000000000000000000000000000000001
0000000000000000000000000000000000000001
0000000000000000000000000000000000000001
0000000000000000000000000000000000000001
0000000000000000000000000000000000000001
0000000000000000000000000000000000000001
0000000000000000000000000000000000000001
0000000000000000000000000000000000000001
0000000000000000000000000000000000000001
0000000000000000000000000000000000000001
0000000000000000000000000000000000000001
0000000000000000000000000000000000000001
0000000000000000000000000000000000000001
0000000000000000000000000000000000000001
0000000000000000000000000000000000000001
0000000000000000000000000000000000000001
0000000000000000000000000000000000000001
0000000000000000000000000000000000000001
0000000000000000000000000000000000000001
0000000000000000000000000000000000000001
0000000000000000000000000000000000000001
0000000000000000000000000000000000000001
0000000000000000000000000000000000000001
0000000000000000000000000000000000000001
0000000000000000000000000000000000000001
0000000000000000000000000000000000000001
0000000000000000000000000000000000000001
0000000000000000000000000000000000000001
0000000000000000000000000000000000000001
0000000000000000000000000000000000000001
0000000000000000000000000000000000000001
0000000000000000000000000000000000000001
0000000000000000000000000000000000000001
0000000000000000000000000000000000000001
0000000000000000000000000000000000000001
0000000000000000000000000000000000000001
0000000000000000000000000000000000000001
0000000000000000000000000000000000000001
0000000000000000000000000000000000000001
0000000000000000000000000000000000000001
0000000000000000000000000000000000000001
0000000000000000000000000000000000000001
0000000000000000000000000000000000000001
0000000000000000000000000000000000000001
0000000000000000000000000000000000000001
0000000000000000000000000000000000000001
0000000000000000000000000000000000000001
0000000000000000000000000000000000000001
0000000000000000000000000000000000000001
0000000000000000000000000000000000000001
0000000000000000000000000000000000000001
0000000000000000000000000000000000000001
0000000000000000000000000000000000000001
0000000000000000000000000000000000000001
0000000000000000000000000000000000000001
0000000000000000000000000000000000000001
0000000000000000000000000000000000000001
0000000000000000000000000000000000000001
0000000000000000000000000000000000000001
0000000000000000000000000000000000000001
0000000000000000000000000000000000000001
0000000000000000000000000000000000000001
0000000000000000000000000000000000000001
0000000000000000000000000000000000000001
0000000000000000000000000000000000000001
0000000000000000000000000000000000000001
0000000000000000000000000000000000000001
0000000000000000000000000000000000000001
0000000000000000000000000000000000000001
0000000000000000000000000000000000000001
0000000000000000000000000000000000000001
0000000000000000000000000000000000000001
0000000000000000000000000000000000000001
0000000000000000000000000000000000000001
0000000000000000000000000000000000000001
0000000000000000000000000000000000000001
0000000000000000000000000000000000000001
0000000000000000000000000000000000000001
0000000000000000000000000000000000000001
0000000000000000000000000000000000000001
0000000000000000000000000000000000000001
0000000000000000000000000000000000000001
0000000000000000000000000000000000000001
0000000000000000000000000000000000000001
0000000000000000000000000000000000000001
0000000000000000000000000000000000000001
0000000000000000000000000000000000000001
0000000000000000000000000000000000000001
0000000000000000000000000000000000000001
0000000000000000000000000000000000000001
0000000000000000000000000000000000000001
0000000000000000000000000000000000000001
0000000000000000000000000000000000000001
0000000000000000000000000000000000000001
0000000000000000000000000000000000000001
0000000000000000000000000000000000000001
0000000000000000000000000000000000000001
0000000000000000000000000000000000000001
0000000000000000000000000000000000000001
0000000000000000000000000000000000000001
0000000000000000000000000000000000000001
0000000000000000000000000000000000000001
0000000000000000000000000000000000000001
0000000000000000000000000000000000000001
0000000000000000000000000000000000000001
0000000000000000000000000000000000000001
0000000000000000000000000000000000000001
0000000000000000000000000000000000000001
0000000000000000000000000000000000000001
0000000000000000000000000000000000000001
0000000000000000000000000000000000000001
0000000000000000000000000000000000000001
0000000000000000000000000000000000000001
0000000000000000000000000000000000000001
0000000000000000000000000000000000000001
0000000000000000000000000000000000000001
0000000000000000000000000000000000000001
0000000000000000000000000000000000000001
0000000000000000000000000000000000000001
0000000000000000000000000000000000000001
0000000000000000000000000000000000000001
0000000000000000000000000000000000000001
0000000000000000000000000000000000000001
0000000000000000000000000000000000000001
0000000000000000000000000000000000000001
0000000000000000000000000000000000000001
0000000000000000000000000000000000000001
0000000000000000000000000000000000000001
0000000000000000000000000000000000000001
0000000000000000000000000000000000000001
0000000000000000000000000000000000000001
0000000000000000000000000000000000000001
0000000000000000000000000000000000000001
0000000000000000000000000000000000000001
0000000000000000000000000000000000000001
0000000000000000000000000000000000000001
0000000000000000000000000000000000000001
0000000000000000000000000000000000000001
0000000000000000000000000000000000000001
0000000000000000000000000000000000000001
0000000000000000000000000000000000000001
0000000000000000000000000000000000000001
0000000000000000000000000000000000000001
0000000000000000000000000000000000000001
0000000000000000000000000000000000000001
0000000000000000000000000000000000000001
0000000000000000000000000000000000000001
0000000000000000000000000000000000000001
0000000000000000000000000000000000000001
0000000000000000000000000000000000000001
0000000000000000000000000000000000000001
0000000000000000000000000000000000000001
0000000000000000000000000000000000000001
0000000000000000000000000000000000000001
0000000000000000000000000000000000000001
0000000000000000000000000000000000000001
0000000000000000000000000000000000000001
0000000000000000000000000000000000000001
0000000000000000000000000000000000000001
0000000000000000000000000000000000000001
0000000000000000000000000000000000000001
0000000000000000000000000000000000000001
0000000000000000000000000000000000000001
0000000000000000000000000000000000000001
0000000000000000000000000000000000000001
0000000000000000000000000000000000000001
0000000000000000000000000000000000000001
0000000000000000000000000000000000000001
0000000000000000000000000000000000000001
0000000000000000000000000000000000000001
0000000000000000000000000000000000000001
0000000000000000000000000000000000000001
0000000000000000000000000000000000000001
0000000000000000000000000000000000000001
0000000000000000000000000000000000000001
0000000000000000000000000000000000000001
0000000000000000000000000000000000000001
0000000000000000000000000000000000000001
0000000000000000000000000000000000000001
0000000000000000000000000000000000000001
0000000000000000000000000000000000000001
0000000000000000000000000000000000000001
0000000000000000000000000000000000000001
0000000000000000000000000000000000000001
0000000000000000000000000000000000000001
0000000000000000000000000000000000000001
0000000000000000000000000000000000000001
0000000000000000000000000000000000000001
0000000000000000000000000000000000000001
0000000000000000000000000000000000000001
0000000000000000000000000000000000000001
0000000000000000000000000000000000000001
0000000000000000000000000000000000000001
0000000000000000000000000000000000000001
0000000000000000000000000000000000000001
0000000000000000000000000000000000000001
0000000000000000000000000000000000000001
0000000000000000000000000000000000000001
0000000000000000000000000000000000000001
0000000000000000000000000000000000000001
0000000000000000000000000000000000000001
0000000000000000000000000000000000000001
0000000000000000000000000000000000000001
0000000000000000000000000000000000000001
0000000000000000000000000000000000000001
0000000000000000000000000000000000000001
0000000000000000000000000000000000000001
0000000000000000000000000000000000000001
0000000000000000000000000000000000000001
0000000000000000000000000000000000000001
0000000000000000000000000000000000000001
0000000000000000000000000000000000000001
0000000000000000000000000000000000000001
0000000000000000000000000000000000000001
0000000000000000000000000000000000000001
0000000000000000000000000000000000000001
0000000000000000000000000000000000000001
0000000000000000000000000000000000000001
0000000000000000000000000000000000000001
0000000000000000000000000000000000000001
0000000000000000000000000000000000000001
0000000000000000000000000000000000000001
0000000000000000000000000000000000000001
0000000000000000000000000000000000000001
0000000000000000000000000000000000000001
0000000000000000000000000000000000000001
0000000000000000000000000000000000000001
0000000000000000000000000000000000000001
0000000000000000000000000000000000000001
0000000000000000000000000000000000000001
0000000000000000000000000000000000000001
0000000000000000000000000000000000000001
0000000000000000000000000000000000000001
0000000000000000000000000000000000000001
0000000000000000000000000000000000000001
0000000000000000000000000000000000000001
0000000000000000000000000000000000000001
0000000000000000000000000000000000000001
0000000000000000000000000000000000000001
0000000000000000000000000000000000000001
0000000000000000000000000000000000000001
0000000000000000000000000000000000000001
0000000000000000000000000000000000000001
0000000000000000000000000000000000000001
0000000000000000000000000000000000000001
0000000000000000000000000000000000000001
0000000000000000000000000000000000000001
0000000000000000000000000000000000000001
0000000000000000000000000000000000000001
0000000000000000000000000000000000000001
0000000000000000000000000000000000000001
0000000000000000000000000000000000000001
0000000000000000000000000000000000000001
0000000000000000000000000000000000000001
0000000000000000000000000000000000000001
0000000000000000000000000000000000000001
0000000000000000000000000000000000000001
0000000000000000000000000000000000000001
0000000000000000000000000000000000000001
0000000000000000000000000000000000000001
0000000000000000000000000000000000000001
0000000000000000000000000000000000000001
0000000000000000000000000000000000000001
0000000000000000000000000000000000000001
0000000000000000000000000000000000000001
0000000000000000000000000000000000000001
0000000000000000000000000000000000000001
0000000000000000000000000000000000000001
0000000000000000000000000000000000000001
0000000000000000000000000000000000000001
0000000000000000000000000000000000000001
0000000000000000000000000000000000000001
0000000000000000000000000000000000000001
0000000000000000000000000000000000000001
0000000000000000000000000000000000000001
0000000000000000000000000000000000000001
0000000000000000000000000000000000000001
0000000000000000000000000000000000000001
0000000000000000000000000000000000000001
0000000000000000000000000000000000000001
0000000000000000000000000000000000000001
0000000000000000000000000000000000000001
0000000000000000000000000000000000000001
0000000000000000000000000000000000000001
0000000000000000000000000000000000000001
0000000000000000000000000000000000000001
0000000000000000000000000000000000000001
0000000000000000000000000000000000000001
0000000000000000000000000000000000000001
0000000000000000000000000000000000000001
0000000000000000000000000000000000000001
0000000000000000000000000000000000000001
0000000000000000000000000000000000000001
0000000000000000000000000000000000000001
0000000000000000000000000000000000000001
0000000000000000000000000000000000000001
0000000000000000000000000000000000000001
0000000000000000000000000000000000000001
0000000000000000000000000000000000000001
0000000000000000000000000000000000000001
0000000000000000000000000000000000000001
0000000000000000000000000000000000000001
0000000000000000000000000000000000000001
0000000000000000000000000000000000000001
0000000000000000000000000000000000000001
0000000000000000000000000000000000000001
0000000000000000000000000000000000000001
0000000000000000000000000000000000000001
0000000000000000000000000000000000000001
0000000000000000000000000000000000000001
0000000000000000000000000000000000000001
0000000000000000000000000000000000000001
0000000000000000000000000000000000000001
0000000000000000000000000000000000000001
0000000000000000000000000000000000000001
0000000000000000000000000000000000000001
0000000000000000000000000000000000000001
0000000000000000000000000000000000000001
0000000000000000000000000000000000000001
0000000000000000000000000000000000000001
0000000000000000000000000000000000000001
0000000000000000000000000000000000000001
0000000000000000000000000000000000000001
0000000000000000000000000000000000000001
0000000000000000000000000000000000000001
0000000000000000000000000000000000000001
0000000000000000000000000000000000000001
0000000000000000000000000000000000000001
0000000000000000000000000000000000000001
0000000000000000000000000000000000000001
0000000000000000000000000000000000000001
0000000000000000000000000000000000000001
0000000000000000000000000000000000000001
0000000000000000000000000000000000000001
0000000000000000000000000000000000000001
0000000000000000000000000000000000000001
0000000000000000000000000000000000000001
0000000000000000000000000000000000000001
0000000000000000000000000000000000000001
0000000000000000000000000000000000000001
0000000000000000000000000000000000000001
0000000000000000000000000000000000000001
0000000000000000000000000000000000000001
0000000000000000000000000000000000000001
0000000000000000000000000000000000000001
0000000000000000000000000000000000000001
0000000000000000000000000000000000000001
0000000000000000000000000000000000000001
0000000000000000000000000000000000000001
0000000000000000000000000000000000000001
0000000000000000000000000000000000000001
0000000000000000000000000000000000000001
0000000000000000000000000000000000000001
0000000000000000000000000000000000000001
0000000000000000000000000000000000000001
0000000000000000000000000000000000000001
0000000000000000000000000000000000000001
0000000000000000000000000000000000000001
0000000000000000000000000000000000000001
0000000000000000000000000000000000000001
0000000000000000000000000000000000000001
0000000000000000000000000000000000000001
0000000000000000000000000000000000000001
0000000000000000000000000000000000000001
0000000000000000000000000000000000000001
0000000000000000000000000000000000000001
0000000000000000000000000000000000000001
0000000000000000000000000000000000000001
0000000000000000000000000000000000000001
0000000000000000000000000000000000000001
0000000000000000000000000000000000000001
0000000000000000000000000000000000000001
0000000000000000000000000000000000000001
0000000000000000000000000000000000000001
0000000000000000000000000000000000000001
0000000000000000000000000000000000000001
0000000000000000000000000000000000000001
0000000000000000000000000000000000000001
0000000000000000000000000000000000000001
0000000000000000000000000000000000000001
0000000000000000000000000000000000000001
0000000000000000000000000000000000000001
0000000000000000000000000000000000000001
0000000000000000000000000000000000000001
0000000000000000000000000000000000000001
0000000000000000000000000000000000000001
0000000000000000000000000000000000000001
0000000000000000000000000000000000000001
0000000000000000000000000000000000000001
0000000000000000000000000000000000000001
0000000000000000000000000000000000000001
0000000000000000000000000000000000000001
0000000000000000000000000000000000000001
0000000000000000000000000000000000000001
0000000000000000000000000000000000000001
0000000000000000000000000000000000000001
0000000000000000000000000000000000000001
0000000000000000000000000000000000000001
0000000000000000000000000000000000000001
